-7.560480000000000291e+04 -5.020650000000000000e+04 -6.839999999999999858e+00
-7.560560000000000582e+04 -5.020530000000000291e+04 -6.980000000000000426e+00
-7.560639999999999418e+04 -5.020409999999999854e+04 -7.120000000000000107e+00
-7.560719999999999709e+04 -5.020269999999999709e+04 -7.139999999999999680e+00
-7.560789999999999418e+04 -5.020119999999999709e+04 -7.360000000000000320e+00
-7.560869999999999709e+04 -5.019959999999999854e+04 -7.410000000000000142e+00
-7.560919999999999709e+04 -5.019809999999999854e+04 -7.440000000000000391e+00
-7.560989999999999418e+04 -5.019659999999999854e+04 -7.509999999999999787e+00
-7.561039999999999418e+04 -5.019500000000000000e+04 -7.620000000000000107e+00
-7.561100000000000000e+04 -5.019350000000000000e+04 -7.719999999999999751e+00
-7.561180000000000291e+04 -5.019200000000000000e+04 -7.820000000000000284e+00
-7.561239999999999418e+04 -5.019050000000000000e+04 -7.769999999999999574e+00
-7.561330000000000291e+04 -5.018919999999999709e+04 -7.889999999999999680e+00
-7.588310000000000582e+04 -5.018830000000000291e+04 -3.540166666999999823e+00
-7.588160000000000582e+04 -5.018950000000000000e+04 -3.470166666999999983e+00
-7.587969999999999709e+04 -5.019090000000000146e+04 -3.470166666999999983e+00
-7.587780000000000291e+04 -5.019230000000000291e+04 -3.400166666999999698e+00
-7.587600000000000000e+04 -5.019380000000000291e+04 -3.460166666999999752e+00
-7.587410000000000582e+04 -5.019509999999999854e+04 -3.490166667000000000e+00
-7.587230000000000291e+04 -5.019669999999999709e+04 -3.440166666999999734e+00
-7.587050000000000000e+04 -5.019809999999999854e+04 -3.420166666999999716e+00
-7.586869999999999709e+04 -5.019969999999999709e+04 -3.460166666999999752e+00
-7.586710000000000582e+04 -5.020130000000000291e+04 -3.450166666999999965e+00
-7.586539999999999418e+04 -5.020290000000000146e+04 -3.420166666999999716e+00
-7.586389999999999418e+04 -5.020469999999999709e+04 -3.390166666999999912e+00
-7.586230000000000291e+04 -5.020640000000000146e+04 -3.480166666999999769e+00
-7.586080000000000291e+04 -5.020819999999999709e+04 -3.420166666999999716e+00
-7.585939999999999418e+04 -5.021000000000000000e+04 -3.380166666999999681e+00
-7.585800000000000000e+04 -5.021180000000000291e+04 -3.450166666999999965e+00
-7.585669999999999709e+04 -5.021369999999999709e+04 -3.360166666999999663e+00
-7.585530000000000291e+04 -5.021559999999999854e+04 -3.420166666999999716e+00
-7.585400000000000000e+04 -5.021750000000000000e+04 -3.360166666999999663e+00
-7.585269999999999709e+04 -5.021940000000000146e+04 -3.400166666999999698e+00
-7.585139999999999418e+04 -5.022130000000000291e+04 -3.390166666999999912e+00
-7.585000000000000000e+04 -5.022319999999999709e+04 -3.360166666999999663e+00
-7.584869999999999709e+04 -5.022519999999999709e+04 -3.450166666999999965e+00
-7.584730000000000291e+04 -5.022719999999999709e+04 -3.390166666999999912e+00
-7.584600000000000000e+04 -5.022919999999999709e+04 -3.421333333000000199e+00
-7.584469999999999709e+04 -5.023119999999999709e+04 -3.441333333000000216e+00
-7.584330000000000291e+04 -5.023330000000000291e+04 -3.481333333000000252e+00
-7.584189999999999418e+04 -5.023540000000000146e+04 -3.481333333000000252e+00
-7.584050000000000000e+04 -5.023750000000000000e+04 -3.501333333000000270e+00
-7.583910000000000582e+04 -5.023950000000000000e+04 -3.531333333000000074e+00
-7.583769999999999709e+04 -5.024169999999999709e+04 -3.581333333000000341e+00
-7.583619999999999709e+04 -5.024380000000000291e+04 -3.611333333000000145e+00
-7.583469999999999709e+04 -5.024569999999999709e+04 -3.671333333000000199e+00
-7.583310000000000582e+04 -5.024769999999999709e+04 -3.681333332999999985e+00
-7.583150000000000000e+04 -5.024959999999999854e+04 -3.831333333000000341e+00
-7.582980000000000291e+04 -5.025150000000000000e+04 -3.941333333000000216e+00
-7.582810000000000582e+04 -5.025340000000000146e+04 -3.781333333000000074e+00
-7.582650000000000000e+04 -5.025530000000000291e+04 -3.861333333000000145e+00
-7.582489999999999418e+04 -5.025709999999999854e+04 -4.151333333000000181e+00
-7.582330000000000291e+04 -5.025900000000000000e+04 -4.331333332999999897e+00
-7.582169999999999709e+04 -5.026100000000000000e+04 -4.511333333000000501e+00
-7.582000000000000000e+04 -5.026300000000000000e+04 -4.641333333000000394e+00
-7.581839999999999418e+04 -5.026490000000000146e+04 -5.021333333000000287e+00
-7.581660000000000582e+04 -5.026680000000000291e+04 -5.321333333000000110e+00
-7.581500000000000000e+04 -5.026859999999999854e+04 -5.631333332999999719e+00
-7.581319999999999709e+04 -5.027050000000000000e+04 -5.861333332999999257e+00
-7.581139999999999418e+04 -5.027230000000000291e+04 -6.001333332999999826e+00
-7.580960000000000582e+04 -5.027409999999999854e+04 -6.221333332999999577e+00
-7.580769999999999709e+04 -5.027580000000000291e+04 -6.731333332999999364e+00
-7.580580000000000291e+04 -5.027750000000000000e+04 -7.261333332999999612e+00
-7.580380000000000291e+04 -5.027919999999999709e+04 -7.641333332999999506e+00
-7.580180000000000291e+04 -5.028059999999999854e+04 -7.811333332999999435e+00
-7.579969999999999709e+04 -5.028190000000000146e+04 -7.771333332999999399e+00
-7.579739999999999418e+04 -5.028319999999999709e+04 -7.901333332999999293e+00
-7.579510000000000582e+04 -5.028419999999999709e+04 -8.011333332999999612e+00
-7.579269999999999709e+04 -5.028519999999999709e+04 -7.961333332999999790e+00
-7.579039999999999418e+04 -5.028600000000000000e+04 -8.081333332999999897e+00
-7.578800000000000000e+04 -5.028659999999999854e+04 -8.041333332999998973e+00
-7.578560000000000582e+04 -5.028719999999999709e+04 -8.101333332999999470e+00
-7.578310000000000582e+04 -5.028769999999999709e+04 -8.141333333000000394e+00
-7.578080000000000291e+04 -5.028830000000000291e+04 -8.121333332999999044e+00
-7.577860000000000582e+04 -5.028909999999999854e+04 -8.171333332999999755e+00
-7.577650000000000000e+04 -5.029019999999999709e+04 -8.141333333000000394e+00
-7.577450000000000000e+04 -5.029130000000000291e+04 -8.171333332999999755e+00
-7.577260000000000582e+04 -5.029269999999999709e+04 -8.231333333000000252e+00
-7.577080000000000291e+04 -5.029430000000000291e+04 -8.231333333000000252e+00
-7.576919999999999709e+04 -5.029609999999999854e+04 -8.151333333000000181e+00
-7.576750000000000000e+04 -5.029790000000000146e+04 -8.131333332999998831e+00
-7.576600000000000000e+04 -5.029969999999999709e+04 -8.121333332999999044e+00
-7.576439999999999418e+04 -5.030159999999999854e+04 -8.141333333000000394e+00
-7.576280000000000291e+04 -5.030359999999999854e+04 -8.111333332999999257e+00
-7.576130000000000291e+04 -5.030550000000000000e+04 -8.071333333000000110e+00
-7.575980000000000291e+04 -5.030750000000000000e+04 -8.071333333000000110e+00
-7.575830000000000291e+04 -5.030950000000000000e+04 -8.001333332999999826e+00
-7.575680000000000291e+04 -5.031169999999999709e+04 -8.001333332999999826e+00
-7.575519999999999709e+04 -5.031369999999999709e+04 -8.051333332999998760e+00
-7.575360000000000582e+04 -5.031569999999999709e+04 -7.911333332999999080e+00
-7.575189999999999418e+04 -5.031759999999999854e+04 -7.871333332999999932e+00
-7.575010000000000582e+04 -5.031940000000000146e+04 -7.921333332999999755e+00
-7.574839999999999418e+04 -5.032130000000000291e+04 -7.781333332999999186e+00
-7.574650000000000000e+04 -5.032300000000000000e+04 -7.711333332999999790e+00
-7.574469999999999709e+04 -5.032480000000000291e+04 -7.711333332999999790e+00
-7.574280000000000291e+04 -5.032650000000000000e+04 -7.401333332999999293e+00
-7.574060000000000582e+04 -5.032850000000000000e+04 -7.341333332999999683e+00
-7.573900000000000000e+04 -5.032990000000000146e+04 -7.152499999999999858e+00
-7.573710000000000582e+04 -5.033159999999999854e+04 -6.942499999999999893e+00
-7.573510000000000582e+04 -5.033330000000000291e+04 -6.332499999999999574e+00
-7.573310000000000582e+04 -5.033490000000000146e+04 -5.582499999999999574e+00
-7.573110000000000582e+04 -5.033650000000000000e+04 -5.052500000000000213e+00
-7.572919999999999709e+04 -5.033809999999999854e+04 -4.342500000000000249e+00
-7.572710000000000582e+04 -5.033959999999999854e+04 -3.882499999999999840e+00
-7.572530000000000291e+04 -5.034109999999999854e+04 -3.822499999999999787e+00
-7.572350000000000000e+04 -5.034230000000000291e+04 -3.702500000000000124e+00
-7.572189999999999418e+04 -5.034359999999999854e+04 -3.562500000000000000e+00
-7.583000000000000000e+04 -5.048330000000000291e+04 -4.401833332999999904e+00
-7.583150000000000000e+04 -5.048419999999999709e+04 -4.471833333000000188e+00
-7.583280000000000291e+04 -5.048519999999999709e+04 -4.431833333000000152e+00
-7.583419999999999709e+04 -5.048640000000000146e+04 -4.511833333000000223e+00
-7.583539999999999418e+04 -5.048759999999999854e+04 -4.531833332999999797e+00
-7.583639999999999418e+04 -5.048869999999999709e+04 -4.481833332999999975e+00
-7.583719999999999709e+04 -5.049000000000000000e+04 -4.551833333000000259e+00
-7.583810000000000582e+04 -5.049150000000000000e+04 -4.381833333000000330e+00
-7.583910000000000582e+04 -5.049309999999999854e+04 -4.571833332999999833e+00
-7.584050000000000000e+04 -5.049469999999999709e+04 -4.411833332999999691e+00
-7.584200000000000000e+04 -5.049580000000000291e+04 -4.531833332999999797e+00
-7.584350000000000000e+04 -5.049669999999999709e+04 -4.641833333000000117e+00
-7.584530000000000291e+04 -5.049740000000000146e+04 -4.651833332999999904e+00
-7.584700000000000000e+04 -5.049759999999999854e+04 -4.491833332999999762e+00
-7.584889999999999418e+04 -5.049750000000000000e+04 -4.601833333000000081e+00
-7.585060000000000582e+04 -5.049719999999999709e+04 -4.411833332999999691e+00
-7.585230000000000291e+04 -5.049650000000000000e+04 -4.521833333000000010e+00
-7.585389999999999418e+04 -5.049550000000000000e+04 -4.611833332999999868e+00
-7.585519999999999709e+04 -5.049430000000000291e+04 -4.511833333000000223e+00
-7.585650000000000000e+04 -5.049280000000000291e+04 -4.571833332999999833e+00
-7.585750000000000000e+04 -5.049100000000000000e+04 -4.531833332999999797e+00
-7.585830000000000291e+04 -5.048890000000000146e+04 -4.441833332999999939e+00
-7.585900000000000000e+04 -5.048659999999999854e+04 -4.381833333000000330e+00
-7.585980000000000291e+04 -5.048400000000000000e+04 -4.341833333000000295e+00
-7.586060000000000582e+04 -5.048140000000000146e+04 -4.481833332999999975e+00
-7.586130000000000291e+04 -5.047869999999999709e+04 -4.371833333000000543e+00
-7.586200000000000000e+04 -5.047600000000000000e+04 -4.371833333000000543e+00
-7.586280000000000291e+04 -5.047340000000000146e+04 -4.351833333000000081e+00
-7.586369999999999709e+04 -5.047080000000000291e+04 -4.331833333000000508e+00
-7.586469999999999709e+04 -5.046809999999999854e+04 -4.311833333000000046e+00
-7.586580000000000291e+04 -5.046559999999999854e+04 -4.331833333000000508e+00
-7.586689999999999418e+04 -5.046330000000000291e+04 -4.253000000000000114e+00
-7.586800000000000000e+04 -5.046130000000000291e+04 -4.123000000000000220e+00
-7.586930000000000291e+04 -5.045950000000000000e+04 -4.302999999999999936e+00
-7.587050000000000000e+04 -5.045759999999999854e+04 -4.003000000000000114e+00
-7.587160000000000582e+04 -5.045630000000000291e+04 -4.133000000000000007e+00
-7.587310000000000582e+04 -5.045430000000000291e+04 -4.003000000000000114e+00
-7.587439999999999418e+04 -5.045269999999999709e+04 -4.052999999999999936e+00
-7.587580000000000291e+04 -5.045119999999999709e+04 -3.943000000000000060e+00
-7.587700000000000000e+04 -5.044950000000000000e+04 -3.762999999999999901e+00
-7.587839999999999418e+04 -5.044800000000000000e+04 -3.802999999999999936e+00
-7.587969999999999709e+04 -5.044640000000000146e+04 -4.003000000000000114e+00
-7.588100000000000000e+04 -5.044480000000000291e+04 -3.953000000000000291e+00
-7.588239999999999418e+04 -5.044319999999999709e+04 -3.443000000000000060e+00
-7.588369999999999709e+04 -5.044159999999999854e+04 -3.103000000000000203e+00
-7.588510000000000582e+04 -5.044000000000000000e+04 -2.762999999999999901e+00
-7.588639999999999418e+04 -5.043840000000000146e+04 -2.473000000000000309e+00
-7.588769999999999709e+04 -5.043680000000000291e+04 -2.183000000000000274e+00
-7.588900000000000000e+04 -5.043519999999999709e+04 -1.953000000000000069e+00
-7.589030000000000291e+04 -5.043359999999999854e+04 -1.873000000000000220e+00
-7.589160000000000582e+04 -5.043200000000000000e+04 -1.973000000000000087e+00
-7.589289999999999418e+04 -5.043030000000000291e+04 -1.923000000000000043e+00
-7.589419999999999709e+04 -5.042859999999999854e+04 -1.863000000000000211e+00
-7.589560000000000582e+04 -5.042700000000000000e+04 -1.893000000000000016e+00
-7.589689999999999418e+04 -5.042519999999999709e+04 -1.883000000000000007e+00
-7.589830000000000291e+04 -5.042359999999999854e+04 -1.933000000000000052e+00
-7.589960000000000582e+04 -5.042190000000000146e+04 -1.883000000000000007e+00
-7.590100000000000000e+04 -5.042030000000000291e+04 -1.863000000000000211e+00
-7.590230000000000291e+04 -5.041869999999999709e+04 -1.953000000000000069e+00
-7.590369999999999709e+04 -5.041709999999999854e+04 -1.923000000000000043e+00
-7.590510000000000582e+04 -5.041550000000000000e+04 -1.963000000000000078e+00
-7.590660000000000582e+04 -5.041400000000000000e+04 -2.003000000000000114e+00
-7.590810000000000582e+04 -5.041240000000000146e+04 -1.933000000000000052e+00
-7.590960000000000582e+04 -5.041100000000000000e+04 -1.953000000000000069e+00
-7.591100000000000000e+04 -5.040959999999999854e+04 -1.843000000000000194e+00
-7.591260000000000582e+04 -5.040840000000000146e+04 -1.923000000000000043e+00
-7.591410000000000582e+04 -5.040730000000000291e+04 -1.943000000000000060e+00
-7.591560000000000582e+04 -5.040619999999999709e+04 -1.983000000000000096e+00
-7.591710000000000582e+04 -5.040509999999999854e+04 -1.923000000000000043e+00
-7.591860000000000582e+04 -5.040400000000000000e+04 -1.953000000000000069e+00
-7.592000000000000000e+04 -5.040280000000000291e+04 -1.943000000000000060e+00
-7.592139999999999418e+04 -5.040159999999999854e+04 -1.953000000000000069e+00
-7.592280000000000291e+04 -5.040019999999999709e+04 -1.953000000000000069e+00
-7.592419999999999709e+04 -5.039880000000000291e+04 -1.953000000000000069e+00
-7.592560000000000582e+04 -5.039740000000000146e+04 -1.943000000000000060e+00
-7.592700000000000000e+04 -5.039580000000000291e+04 -1.923000000000000043e+00
-7.592839999999999418e+04 -5.039430000000000291e+04 -2.012999999999999901e+00
-7.592980000000000291e+04 -5.039259999999999854e+04 -1.943000000000000060e+00
-7.593119999999999709e+04 -5.039100000000000000e+04 -1.933000000000000052e+00
-7.593260000000000582e+04 -5.038930000000000291e+04 -1.963000000000000078e+00
-7.593400000000000000e+04 -5.038750000000000000e+04 -1.913000000000000034e+00
-7.593539999999999418e+04 -5.038580000000000291e+04 -2.003000000000000114e+00
-7.593669999999999709e+04 -5.038400000000000000e+04 -1.923000000000000043e+00
-7.593850000000000000e+04 -5.038190000000000146e+04 -2.092999999999999972e+00
-7.593960000000000582e+04 -5.038050000000000000e+04 -2.012999999999999901e+00
-7.594110000000000582e+04 -5.037869999999999709e+04 -1.983000000000000096e+00
-7.594260000000000582e+04 -5.037709999999999854e+04 -2.043000000000000149e+00
-7.594410000000000582e+04 -5.037550000000000000e+04 -1.973000000000000087e+00
-7.594560000000000582e+04 -5.037400000000000000e+04 -1.983000000000000096e+00
-7.594719999999999709e+04 -5.037240000000000146e+04 -2.052999999999999936e+00
-7.594869999999999709e+04 -5.037080000000000291e+04 -2.072999999999999954e+00
-7.595030000000000291e+04 -5.036930000000000291e+04 -2.074166667000000075e+00
-7.595189999999999418e+04 -5.036769999999999709e+04 -2.054166667000000057e+00
-7.595339999999999418e+04 -5.036609999999999854e+04 -2.084166666999999862e+00
-7.595500000000000000e+04 -5.036459999999999854e+04 -2.094166667000000093e+00
-7.595660000000000582e+04 -5.036290000000000146e+04 -2.064166666999999844e+00
-7.595819999999999709e+04 -5.036130000000000291e+04 -2.144166666999999915e+00
-7.595969999999999709e+04 -5.035969999999999709e+04 -2.024166666999999808e+00
-7.596130000000000291e+04 -5.035800000000000000e+04 -2.094166667000000093e+00
-7.596289999999999418e+04 -5.035640000000000146e+04 -2.134166666999999684e+00
-7.596450000000000000e+04 -5.035480000000000291e+04 -2.064166666999999844e+00
-7.596600000000000000e+04 -5.035319999999999709e+04 -2.114166666999999666e+00
-7.596760000000000582e+04 -5.035150000000000000e+04 -2.074166667000000075e+00
-7.596910000000000582e+04 -5.034990000000000146e+04 -2.094166667000000093e+00
-7.597069999999999709e+04 -5.034830000000000291e+04 -2.024166666999999808e+00
-7.597230000000000291e+04 -5.034669999999999709e+04 -2.124166666999999897e+00
-7.597389999999999418e+04 -5.034509999999999854e+04 -2.054166667000000057e+00
-7.597550000000000000e+04 -5.034350000000000000e+04 -2.054166667000000057e+00
-7.597710000000000582e+04 -5.034190000000000146e+04 -2.084166666999999862e+00
-7.597869999999999709e+04 -5.034030000000000291e+04 -2.084166666999999862e+00
-7.598030000000000291e+04 -5.033869999999999709e+04 -1.974166666999999986e+00
-7.598200000000000000e+04 -5.033709999999999854e+04 -2.074166667000000075e+00
-7.598360000000000582e+04 -5.033550000000000000e+04 -2.014166667000000022e+00
-7.598519999999999709e+04 -5.033400000000000000e+04 -2.004166666999999791e+00
-7.598669999999999709e+04 -5.033269999999999709e+04 -2.024166666999999808e+00
-7.598800000000000000e+04 -5.033130000000000291e+04 -1.984166666999999773e+00
-7.598939999999999418e+04 -5.033000000000000000e+04 -2.054166667000000057e+00
-7.599080000000000291e+04 -5.032880000000000291e+04 -2.044166666999999826e+00
-7.599200000000000000e+04 -5.032750000000000000e+04 -1.964166666999999977e+00
-7.599339999999999418e+04 -5.032630000000000291e+04 -2.014166667000000022e+00
-7.599450000000000000e+04 -5.032500000000000000e+04 -1.924166666999999942e+00
-7.599569999999999709e+04 -5.032380000000000291e+04 -1.814166666999999844e+00
-7.599689999999999418e+04 -5.032250000000000000e+04 -1.854166666999999880e+00
-7.599789999999999418e+04 -5.032130000000000291e+04 -1.694166666999999959e+00
-7.599910000000000582e+04 -5.032019999999999709e+04 -1.754166666999999791e+00
-7.600010000000000582e+04 -5.031909999999999854e+04 -1.584166666999999862e+00
-7.600119999999999709e+04 -5.031800000000000000e+04 -1.614166666999999888e+00
-7.600230000000000291e+04 -5.031680000000000291e+04 -1.734166666999999773e+00
-7.600330000000000291e+04 -5.031559999999999854e+04 -1.434166666999999951e+00
-7.600439999999999418e+04 -5.031440000000000146e+04 -1.784166666999999817e+00
-7.600539999999999418e+04 -5.031319999999999709e+04 -1.834166666999999862e+00
-7.600650000000000000e+04 -5.031200000000000000e+04 -1.844166666999999871e+00
-7.600750000000000000e+04 -5.031080000000000291e+04 -1.654166666999999924e+00
-7.600869999999999709e+04 -5.030959999999999854e+04 -1.744166666999999782e+00
-7.600980000000000291e+04 -5.030840000000000146e+04 -1.594166666999999871e+00
-7.601100000000000000e+04 -5.030709999999999854e+04 -1.544166666999999826e+00
-7.601210000000000582e+04 -5.030590000000000146e+04 -1.874166666999999897e+00
-7.601280000000000291e+04 -5.030509999999999854e+04 -1.854166666999999880e+00
-7.601450000000000000e+04 -5.030319999999999709e+04 -1.734166666999999773e+00
-7.601569999999999709e+04 -5.030200000000000000e+04 -1.724166666999999986e+00
-7.601680000000000291e+04 -5.030059999999999854e+04 -1.754166666999999791e+00
-7.601810000000000582e+04 -5.029919999999999709e+04 -1.804166666999999835e+00
-7.601930000000000291e+04 -5.029790000000000146e+04 -1.754166666999999791e+00
-7.602050000000000000e+04 -5.029640000000000146e+04 -1.604166666999999880e+00
-7.602189999999999418e+04 -5.029509999999999854e+04 -1.894166666999999915e+00
-7.602319999999999709e+04 -5.029359999999999854e+04 -1.694166666999999959e+00
-7.602450000000000000e+04 -5.029209999999999854e+04 -1.804166666999999835e+00
-7.602580000000000291e+04 -5.029069999999999709e+04 -1.734166666999999773e+00
-7.602710000000000582e+04 -5.028909999999999854e+04 -1.724166666999999986e+00
-7.602850000000000000e+04 -5.028759999999999854e+04 -1.704166666999999968e+00
-7.602989999999999418e+04 -5.028619999999999709e+04 -1.754166666999999791e+00
-7.603130000000000291e+04 -5.028469999999999709e+04 -1.605333333000000140e+00
-7.603280000000000291e+04 -5.028319999999999709e+04 -1.545333333000000087e+00
-7.603430000000000291e+04 -5.028169999999999709e+04 -1.525333333000000069e+00
-7.603589999999999418e+04 -5.028019999999999709e+04 -1.695333333000000220e+00
-7.603739999999999418e+04 -5.027869999999999709e+04 -1.705333333000000229e+00
-7.603900000000000000e+04 -5.027719999999999709e+04 -1.585333333000000122e+00
-7.604060000000000582e+04 -5.027559999999999854e+04 -1.655333333000000184e+00
-7.604230000000000291e+04 -5.027409999999999854e+04 -1.635333333000000167e+00
-7.604400000000000000e+04 -5.027250000000000000e+04 -1.635333333000000167e+00
-7.604580000000000291e+04 -5.027109999999999854e+04 -1.735333333000000033e+00
-7.604750000000000000e+04 -5.026959999999999854e+04 -1.805333333000000096e+00
-7.604930000000000291e+04 -5.026819999999999709e+04 -1.735333333000000033e+00
-7.605110000000000582e+04 -5.026700000000000000e+04 -1.845333333000000131e+00
-7.605300000000000000e+04 -5.026569999999999709e+04 -1.865333333000000149e+00
-7.605489999999999418e+04 -5.026450000000000000e+04 -1.915333333000000193e+00
-7.605680000000000291e+04 -5.026340000000000146e+04 -1.825333333000000113e+00
-7.605860000000000582e+04 -5.026219999999999709e+04 -1.725333333000000025e+00
-7.606050000000000000e+04 -5.026109999999999854e+04 -1.695333333000000220e+00
-7.606230000000000291e+04 -5.025990000000000146e+04 -1.875333333000000158e+00
-7.606419999999999709e+04 -5.025859999999999854e+04 -1.725333333000000025e+00
-7.606619999999999709e+04 -5.025719999999999709e+04 -1.675333333000000202e+00
-7.606819999999999709e+04 -5.025569999999999709e+04 -1.665333333000000193e+00
-7.607030000000000291e+04 -5.025409999999999854e+04 -1.765333333000000060e+00
-7.607230000000000291e+04 -5.025230000000000291e+04 -1.835333333000000122e+00
-7.607430000000000291e+04 -5.025059999999999854e+04 -1.975333333000000025e+00
-7.607639999999999418e+04 -5.024890000000000146e+04 -1.945333333000000220e+00
-7.607839999999999418e+04 -5.024700000000000000e+04 -2.175333333000000202e+00
-7.608050000000000000e+04 -5.024519999999999709e+04 -2.145333332999999953e+00
-7.608250000000000000e+04 -5.024340000000000146e+04 -2.085333332999999900e+00
-7.608460000000000582e+04 -5.024150000000000000e+04 -1.975333333000000025e+00
-7.608660000000000582e+04 -5.023969999999999709e+04 -2.015333333000000060e+00
-7.608850000000000000e+04 -5.023780000000000291e+04 -2.005333333000000273e+00
-7.609050000000000000e+04 -5.023590000000000146e+04 -1.985333333000000033e+00
-7.609239999999999418e+04 -5.023400000000000000e+04 -2.035333333000000078e+00
-7.609439999999999418e+04 -5.023200000000000000e+04 -1.995333333000000042e+00
-7.609630000000000291e+04 -5.023009999999999854e+04 -1.945333333000000220e+00
-7.609819999999999709e+04 -5.022819999999999709e+04 -2.045333333000000309e+00
-7.610010000000000582e+04 -5.022619999999999709e+04 -1.995333333000000042e+00
-7.610200000000000000e+04 -5.022419999999999709e+04 -2.025333333000000291e+00
-7.610389999999999418e+04 -5.022219999999999709e+04 -2.085333332999999900e+00
-7.610580000000000291e+04 -5.022019999999999709e+04 -2.105333332999999918e+00
-7.610780000000000291e+04 -5.021819999999999709e+04 -2.025333333000000291e+00
-7.610960000000000582e+04 -5.021619999999999709e+04 -2.085333332999999900e+00
-7.611160000000000582e+04 -5.021430000000000291e+04 -2.165333332999999971e+00
-7.607510000000000582e+04 -5.032009999999999854e+04 -1.804000000000000048e+00
-7.607400000000000000e+04 -5.032150000000000000e+04 -1.884000000000000119e+00
-7.607269999999999709e+04 -5.032290000000000146e+04 -1.924000000000000155e+00
-7.607160000000000582e+04 -5.032440000000000146e+04 -1.804000000000000048e+00
-7.607050000000000000e+04 -5.032559999999999854e+04 -1.844000000000000083e+00
-7.606950000000000000e+04 -5.032690000000000146e+04 -1.844000000000000083e+00
-7.606850000000000000e+04 -5.032809999999999854e+04 -1.834000000000000075e+00
-7.606750000000000000e+04 -5.032930000000000291e+04 -1.874000000000000110e+00
-7.606660000000000582e+04 -5.033040000000000146e+04 -1.874000000000000110e+00
-7.606580000000000291e+04 -5.033140000000000146e+04 -1.874000000000000110e+00
-7.606489999999999418e+04 -5.033269999999999709e+04 -1.854000000000000092e+00
-7.606369999999999709e+04 -5.033409999999999854e+04 -1.953999999999999959e+00
-7.606239999999999418e+04 -5.033559999999999854e+04 -1.854000000000000092e+00
-7.606089999999999418e+04 -5.033709999999999854e+04 -1.914000000000000146e+00
-7.605900000000000000e+04 -5.033830000000000291e+04 -1.894000000000000128e+00
-7.605710000000000582e+04 -5.033940000000000146e+04 -1.934000000000000163e+00
-7.605500000000000000e+04 -5.034009999999999854e+04 -1.983999999999999986e+00
-7.605289999999999418e+04 -5.034059999999999854e+04 -1.943999999999999950e+00
-7.605080000000000291e+04 -5.034080000000000291e+04 -1.993999999999999995e+00
-7.604860000000000582e+04 -5.034069999999999709e+04 -2.014000000000000234e+00
-7.604650000000000000e+04 -5.034040000000000146e+04 -2.034000000000000252e+00
-7.604369999999999709e+04 -5.033940000000000146e+04 -2.044000000000000039e+00
-7.604250000000000000e+04 -5.033880000000000291e+04 -2.014000000000000234e+00
-7.604080000000000291e+04 -5.033769999999999709e+04 -2.014000000000000234e+00
-7.603919999999999709e+04 -5.033640000000000146e+04 -1.934000000000000163e+00
-7.603789999999999418e+04 -5.033490000000000146e+04 -1.864000000000000101e+00
-7.603660000000000582e+04 -5.033330000000000291e+04 -1.743999999999999995e+00
-7.603530000000000291e+04 -5.033159999999999854e+04 -1.473999999999999977e+00
-7.603410000000000582e+04 -5.032969999999999709e+04 -1.504000000000000004e+00
-7.603289999999999418e+04 -5.032780000000000291e+04 -1.473999999999999977e+00
-7.603169999999999709e+04 -5.032590000000000146e+04 -1.384000000000000119e+00
-7.603060000000000582e+04 -5.032390000000000146e+04 -1.354000000000000092e+00
-7.602950000000000000e+04 -5.032190000000000146e+04 -1.223999999999999977e+00
-7.602830000000000291e+04 -5.031980000000000291e+04 -1.264000000000000012e+00
-7.602719999999999709e+04 -5.031780000000000291e+04 -1.233999999999999986e+00
-7.602600000000000000e+04 -5.031590000000000146e+04 -1.184000000000000163e+00
-7.602489999999999418e+04 -5.031390000000000146e+04 -1.404000000000000137e+00
-7.602350000000000000e+04 -5.031219999999999709e+04 -1.374000000000000110e+00
-7.602200000000000000e+04 -5.031050000000000000e+04 -1.463999999999999968e+00
-7.602050000000000000e+04 -5.030900000000000000e+04 -1.614000000000000101e+00
-7.601869999999999709e+04 -5.030759999999999854e+04 -1.693999999999999950e+00
-7.601689999999999418e+04 -5.030640000000000146e+04 -1.233999999999999986e+00
-7.601500000000000000e+04 -5.030530000000000291e+04 -1.754000000000000004e+00
-7.601300000000000000e+04 -5.030440000000000146e+04 -1.771999999999999797e+00
-7.601100000000000000e+04 -5.030350000000000000e+04 -1.741999999999999993e+00
-7.600900000000000000e+04 -5.030280000000000291e+04 -1.891999999999999904e+00
-7.600689999999999418e+04 -5.030219999999999709e+04 -1.681999999999999940e+00
-7.600469999999999709e+04 -5.030169999999999709e+04 -1.891999999999999904e+00
-7.600260000000000582e+04 -5.030109999999999854e+04 -1.841999999999999860e+00
-7.600050000000000000e+04 -5.030040000000000146e+04 -1.262000000000000011e+00
-7.599839999999999418e+04 -5.029959999999999854e+04 -1.871999999999999886e+00
-7.599639999999999418e+04 -5.029859999999999854e+04 -1.781999999999999806e+00
-7.599450000000000000e+04 -5.029759999999999854e+04 -1.971999999999999975e+00
-7.599260000000000582e+04 -5.029640000000000146e+04 -1.691999999999999948e+00
-7.599080000000000291e+04 -5.029509999999999854e+04 -2.181999999999999940e+00
-7.598910000000000582e+04 -5.029359999999999854e+04 -2.201999999999999957e+00
-7.598730000000000291e+04 -5.029219999999999709e+04 -2.251999999999999780e+00
-7.598560000000000582e+04 -5.029069999999999709e+04 -2.291999999999999815e+00
-7.598380000000000291e+04 -5.028919999999999709e+04 -2.311999999999999833e+00
-7.598200000000000000e+04 -5.028769999999999709e+04 -2.271999999999999797e+00
-7.598039999999999418e+04 -5.028600000000000000e+04 -2.322000000000000064e+00
-7.597869999999999709e+04 -5.028440000000000146e+04 -2.311999999999999833e+00
-7.597710000000000582e+04 -5.028259999999999854e+04 -2.362000000000000099e+00
-7.597560000000000582e+04 -5.028080000000000291e+04 -2.331999999999999851e+00
-7.597410000000000582e+04 -5.027909999999999854e+04 -2.322000000000000064e+00
-7.597260000000000582e+04 -5.027719999999999709e+04 -2.351999999999999869e+00
-7.597110000000000582e+04 -5.027540000000000146e+04 -2.311999999999999833e+00
-7.596889999999999418e+04 -5.027250000000000000e+04 -2.351999999999999869e+00
-7.596830000000000291e+04 -5.027180000000000291e+04 -2.342000000000000082e+00
-7.596669999999999709e+04 -5.027009999999999854e+04 -2.362000000000000099e+00
-7.596510000000000582e+04 -5.026830000000000291e+04 -2.371999999999999886e+00
-7.596339999999999418e+04 -5.026690000000000146e+04 -2.331999999999999851e+00
-7.596160000000000582e+04 -5.026530000000000291e+04 -2.381999999999999673e+00
-7.595969999999999709e+04 -5.026390000000000146e+04 -2.391999999999999904e+00
-7.595780000000000291e+04 -5.026250000000000000e+04 -2.411999999999999922e+00
-7.595600000000000000e+04 -5.026119999999999709e+04 -2.421999999999999709e+00
-7.595400000000000000e+04 -5.025990000000000146e+04 -2.471999999999999975e+00
-7.595210000000000582e+04 -5.025859999999999854e+04 -2.481999999999999762e+00
-7.595010000000000582e+04 -5.025740000000000146e+04 -2.451999999999999957e+00
-7.594810000000000582e+04 -5.025619999999999709e+04 -2.512000000000000011e+00
-7.594610000000000582e+04 -5.025509999999999854e+04 -2.532000000000000028e+00
-7.594410000000000582e+04 -5.025380000000000291e+04 -2.581999999999999851e+00
-7.594200000000000000e+04 -5.025280000000000291e+04 -2.552000000000000046e+00
-7.593989999999999418e+04 -5.025159999999999854e+04 -2.612000000000000099e+00
-7.593780000000000291e+04 -5.025040000000000146e+04 -2.592000000000000082e+00
-7.593569999999999709e+04 -5.024930000000000291e+04 -2.592000000000000082e+00
-7.593369999999999709e+04 -5.024800000000000000e+04 -2.671999999999999709e+00
-7.593160000000000582e+04 -5.024680000000000291e+04 -2.631999999999999673e+00
-7.592969999999999709e+04 -5.024540000000000146e+04 -2.681999999999999940e+00
-7.592769999999999709e+04 -5.024400000000000000e+04 -2.651999999999999691e+00
-7.592569999999999709e+04 -5.024250000000000000e+04 -2.691999999999999726e+00
-7.592389999999999418e+04 -5.024109999999999854e+04 -2.721999999999999975e+00
-7.592200000000000000e+04 -5.023950000000000000e+04 -2.661999999999999922e+00
-7.592030000000000291e+04 -5.023790000000000146e+04 -2.701999999999999957e+00
-7.591869999999999709e+04 -5.023609999999999854e+04 -2.671999999999999709e+00
-7.591719999999999709e+04 -5.023419999999999709e+04 -2.641999999999999904e+00
-7.591569999999999709e+04 -5.023230000000000291e+04 -2.711999999999999744e+00
-7.591450000000000000e+04 -5.023019999999999709e+04 -2.641999999999999904e+00
-7.591330000000000291e+04 -5.022819999999999709e+04 -2.711999999999999744e+00
-7.591230000000000291e+04 -5.022600000000000000e+04 -2.621999999999999886e+00
-7.591150000000000000e+04 -5.022400000000000000e+04 -2.731999999999999762e+00
-7.591069999999999709e+04 -5.022169999999999709e+04 -2.691999999999999726e+00
-7.591010000000000582e+04 -5.021959999999999854e+04 -2.802000000000000046e+00
-7.590919999999999709e+04 -5.021759999999999854e+04 -2.870000000000000107e+00
-7.590830000000000291e+04 -5.021569999999999709e+04 -2.910000000000000142e+00
-7.590719999999999709e+04 -5.021380000000000291e+04 -2.959999999999999964e+00
-7.590589999999999418e+04 -5.021209999999999854e+04 -2.970000000000000195e+00
-7.590450000000000000e+04 -5.021040000000000146e+04 -3.049999999999999822e+00
-7.590289999999999418e+04 -5.020869999999999709e+04 -3.069999999999999840e+00
-7.590130000000000291e+04 -5.020719999999999709e+04 -3.129999999999999893e+00
-7.589950000000000000e+04 -5.020559999999999854e+04 -3.129999999999999893e+00
-7.589660000000000582e+04 -5.020330000000000291e+04 -3.160000000000000142e+00
-7.589600000000000000e+04 -5.020269999999999709e+04 -3.189999999999999947e+00
-7.589410000000000582e+04 -5.020119999999999709e+04 -3.250000000000000000e+00
-7.589219999999999709e+04 -5.019980000000000291e+04 -3.330000000000000071e+00
-7.589030000000000291e+04 -5.019840000000000146e+04 -3.299999999999999822e+00
-7.588830000000000291e+04 -5.019700000000000000e+04 -3.310000000000000053e+00
-7.588639999999999418e+04 -5.019569999999999709e+04 -3.330000000000000071e+00
-7.588450000000000000e+04 -5.019419999999999709e+04 -3.330000000000000071e+00
-7.588250000000000000e+04 -5.019280000000000291e+04 -3.339999999999999858e+00
-7.588069999999999709e+04 -5.019119999999999709e+04 -3.459999999999999964e+00
-7.587889999999999418e+04 -5.018959999999999854e+04 -3.390000000000000124e+00
-7.587719999999999709e+04 -5.018800000000000000e+04 -3.520000000000000018e+00
-7.604689999999999418e+04 -5.018850000000000000e+04 -2.119499999999999940e+00
-7.604710000000000582e+04 -5.019059999999999854e+04 -2.159499999999999975e+00
-7.604730000000000291e+04 -5.019259999999999854e+04 -2.149500000000000188e+00
-7.604739999999999418e+04 -5.019450000000000000e+04 -2.189499999999999780e+00
-7.604750000000000000e+04 -5.019609999999999854e+04 -2.029500000000000082e+00
-7.604739999999999418e+04 -5.019769999999999709e+04 -2.079499999999999904e+00
-7.604739999999999418e+04 -5.019900000000000000e+04 -2.049500000000000099e+00
-7.604730000000000291e+04 -5.020030000000000291e+04 -2.069500000000000117e+00
-7.604730000000000291e+04 -5.020140000000000146e+04 -2.069500000000000117e+00
-7.604739999999999418e+04 -5.020250000000000000e+04 -1.999500000000000055e+00
-7.604739999999999418e+04 -5.020350000000000000e+04 -2.059499999999999886e+00
-7.604750000000000000e+04 -5.020450000000000000e+04 -2.029500000000000082e+00
-7.604769999999999709e+04 -5.020540000000000146e+04 -2.009500000000000064e+00
-7.604789999999999418e+04 -5.020630000000000291e+04 -2.039499999999999869e+00
-7.604819999999999709e+04 -5.020719999999999709e+04 -2.019499999999999851e+00
-7.604869999999999709e+04 -5.020809999999999854e+04 -2.079499999999999904e+00
-7.604919999999999709e+04 -5.020900000000000000e+04 -1.999500000000000055e+00
-7.604960000000000582e+04 -5.020990000000000146e+04 -2.009500000000000064e+00
-7.605010000000000582e+04 -5.021059999999999854e+04 -2.029500000000000082e+00
-7.605030000000000291e+04 -5.021109999999999854e+04 -1.979500000000000037e+00
-7.605060000000000582e+04 -5.021159999999999854e+04 -2.069500000000000117e+00
-7.605080000000000291e+04 -5.021190000000000146e+04 -1.999500000000000055e+00
-7.605110000000000582e+04 -5.021240000000000146e+04 -2.109500000000000153e+00
-7.605139999999999418e+04 -5.021280000000000291e+04 -1.999500000000000055e+00
-7.605160000000000582e+04 -5.021309999999999854e+04 -2.019499999999999851e+00
-7.605180000000000291e+04 -5.021350000000000000e+04 -1.999500000000000055e+00
-7.605210000000000582e+04 -5.021380000000000291e+04 -2.019499999999999851e+00
-7.605230000000000291e+04 -5.021409999999999854e+04 -1.929499999999999993e+00
-7.605250000000000000e+04 -5.021450000000000000e+04 -2.019499999999999851e+00
-7.605269999999999709e+04 -5.021480000000000291e+04 -1.979500000000000037e+00
-7.605300000000000000e+04 -5.021509999999999854e+04 -1.979500000000000037e+00
-7.605319999999999709e+04 -5.021540000000000146e+04 -2.039499999999999869e+00
-7.605339999999999418e+04 -5.021559999999999854e+04 -1.979500000000000037e+00
-7.605369999999999709e+04 -5.021600000000000000e+04 -2.029500000000000082e+00
-7.605389999999999418e+04 -5.021619999999999709e+04 -1.921666666999999773e+00
-7.605410000000000582e+04 -5.021640000000000146e+04 -1.931666666999999782e+00
-7.605430000000000291e+04 -5.021669999999999709e+04 -1.961666666999999808e+00
-7.605460000000000582e+04 -5.021690000000000146e+04 -1.991666666999999835e+00
-7.605480000000000291e+04 -5.021719999999999709e+04 -1.991666666999999835e+00
-7.605500000000000000e+04 -5.021740000000000146e+04 -1.971666666999999817e+00
-7.605519999999999709e+04 -5.021759999999999854e+04 -1.951666666999999800e+00
-7.605539999999999418e+04 -5.021780000000000291e+04 -1.911666666999999986e+00
-7.605560000000000582e+04 -5.021800000000000000e+04 -1.961666666999999808e+00
-7.605589999999999418e+04 -5.021819999999999709e+04 -1.941666666999999791e+00
-7.605610000000000582e+04 -5.021840000000000146e+04 -1.971666666999999817e+00
-7.605630000000000291e+04 -5.021859999999999854e+04 -1.951666666999999800e+00
-7.605660000000000582e+04 -5.021869999999999709e+04 -1.931666666999999782e+00
-7.605669999999999709e+04 -5.021890000000000146e+04 -1.991666666999999835e+00
-7.605700000000000000e+04 -5.021900000000000000e+04 -1.951666666999999800e+00
-7.605719999999999709e+04 -5.021919999999999709e+04 -1.941666666999999791e+00
-7.605739999999999418e+04 -5.021930000000000291e+04 -1.931666666999999782e+00
-7.605760000000000582e+04 -5.021940000000000146e+04 -1.881666666999999959e+00
-7.605769999999999709e+04 -5.021959999999999854e+04 -1.981666666999999826e+00
-7.605800000000000000e+04 -5.021959999999999854e+04 -1.931666666999999782e+00
-7.605810000000000582e+04 -5.021980000000000291e+04 -1.991666666999999835e+00
-7.605830000000000291e+04 -5.021980000000000291e+04 -1.891666666999999968e+00
-7.605839999999999418e+04 -5.021990000000000146e+04 -1.911666666999999986e+00
-7.605860000000000582e+04 -5.022000000000000000e+04 -2.001666666999999844e+00
-7.605880000000000291e+04 -5.022009999999999854e+04 -1.941666666999999791e+00
-7.605900000000000000e+04 -5.022019999999999709e+04 -1.961666666999999808e+00
-7.605910000000000582e+04 -5.022030000000000291e+04 -1.951666666999999800e+00
-7.605930000000000291e+04 -5.022040000000000146e+04 -1.971666666999999817e+00
-7.605950000000000000e+04 -5.022050000000000000e+04 -1.961666666999999808e+00
-7.605969999999999709e+04 -5.022059999999999854e+04 -2.021666666999999862e+00
-7.605980000000000291e+04 -5.022059999999999854e+04 -1.971666666999999817e+00
-7.606000000000000000e+04 -5.022069999999999709e+04 -1.941666666999999791e+00
-7.606010000000000582e+04 -5.022080000000000291e+04 -2.031666667000000093e+00
-7.606019999999999709e+04 -5.022090000000000146e+04 -2.091666666999999702e+00
-7.606039999999999418e+04 -5.022100000000000000e+04 -2.111666666999999720e+00
-7.606050000000000000e+04 -5.022109999999999854e+04 -2.061666666999999897e+00
-7.606069999999999709e+04 -5.022119999999999709e+04 -2.091666666999999702e+00
-7.606080000000000291e+04 -5.022119999999999709e+04 -2.071666666999999684e+00
-7.606100000000000000e+04 -5.022130000000000291e+04 -2.111666666999999720e+00
-7.606110000000000582e+04 -5.022130000000000291e+04 -2.071666666999999684e+00
-7.606130000000000291e+04 -5.022140000000000146e+04 -2.051666666999999666e+00
-7.606139999999999418e+04 -5.022140000000000146e+04 -2.071666666999999684e+00
-7.606150000000000000e+04 -5.022150000000000000e+04 -2.111666666999999720e+00
-7.606169999999999709e+04 -5.022159999999999854e+04 -2.091666666999999702e+00
-7.606180000000000291e+04 -5.022159999999999854e+04 -2.081666666999999915e+00
-7.606189999999999418e+04 -5.022169999999999709e+04 -2.091666666999999702e+00
-7.606210000000000582e+04 -5.022169999999999709e+04 -2.001666666999999844e+00
-7.606219999999999709e+04 -5.022180000000000291e+04 -2.021666666999999862e+00
-7.606230000000000291e+04 -5.022180000000000291e+04 -2.061666666999999897e+00
-7.606239999999999418e+04 -5.022180000000000291e+04 -2.001666666999999844e+00
-7.606250000000000000e+04 -5.022200000000000000e+04 -2.141666666999999968e+00
-7.606269999999999709e+04 -5.022190000000000146e+04 -1.991666666999999835e+00
-7.606280000000000291e+04 -5.022200000000000000e+04 -2.121666666999999951e+00
-7.606289999999999418e+04 -5.022200000000000000e+04 -1.991666666999999835e+00
-7.606310000000000582e+04 -5.022200000000000000e+04 -2.081666666999999915e+00
-7.606319999999999709e+04 -5.022219999999999709e+04 -2.091666666999999702e+00
-7.606330000000000291e+04 -5.022209999999999854e+04 -1.921666666999999773e+00
-7.606339999999999418e+04 -5.022230000000000291e+04 -2.151666666999999755e+00
-7.606350000000000000e+04 -5.022219999999999709e+04 -1.961666666999999808e+00
-7.606360000000000582e+04 -5.022230000000000291e+04 -2.111666666999999720e+00
-7.606369999999999709e+04 -5.022240000000000146e+04 -2.113833333000000092e+00
-7.606389999999999418e+04 -5.022240000000000146e+04 -2.053833333000000039e+00
-7.606400000000000000e+04 -5.022250000000000000e+04 -2.163833332999999914e+00
-7.606410000000000582e+04 -5.022250000000000000e+04 -2.033833333000000021e+00
-7.606419999999999709e+04 -5.022250000000000000e+04 -2.083833333000000287e+00
-7.606430000000000291e+04 -5.022259999999999854e+04 -2.073833333000000057e+00
-7.606450000000000000e+04 -5.022259999999999854e+04 -2.063833333000000270e+00
-7.606460000000000582e+04 -5.022259999999999854e+04 -2.103833333000000305e+00
-7.606460000000000582e+04 -5.022269999999999709e+04 -2.003833333000000216e+00
-7.606480000000000291e+04 -5.022269999999999709e+04 -2.083833333000000287e+00
-7.606480000000000291e+04 -5.022269999999999709e+04 -2.023833333000000234e+00
-7.606500000000000000e+04 -5.022280000000000291e+04 -2.093833333000000074e+00
-7.606500000000000000e+04 -5.022290000000000146e+04 -2.023833333000000234e+00
-7.606510000000000582e+04 -5.022290000000000146e+04 -2.063833333000000270e+00
-7.606519999999999709e+04 -5.022300000000000000e+04 -2.103833333000000305e+00
-7.606530000000000291e+04 -5.022290000000000146e+04 -2.033833333000000021e+00
-7.606539999999999418e+04 -5.022300000000000000e+04 -2.123833333000000323e+00
-7.606550000000000000e+04 -5.022300000000000000e+04 -2.063833333000000270e+00
-7.606569999999999709e+04 -5.022309999999999854e+04 -2.123833333000000323e+00
-7.606569999999999709e+04 -5.022309999999999854e+04 -2.033833333000000021e+00
-7.606589999999999418e+04 -5.022319999999999709e+04 -2.153833333000000128e+00
-7.606600000000000000e+04 -5.022309999999999854e+04 -2.053833333000000039e+00
-7.606610000000000582e+04 -5.022319999999999709e+04 -2.053833333000000039e+00
-7.606610000000000582e+04 -5.022319999999999709e+04 -2.053833333000000039e+00
-7.606619999999999709e+04 -5.022319999999999709e+04 -2.043833333000000252e+00
-7.606630000000000291e+04 -5.022330000000000291e+04 -2.103833333000000305e+00
-7.606639999999999418e+04 -5.022330000000000291e+04 -2.003833333000000216e+00
-7.606650000000000000e+04 -5.022340000000000146e+04 -2.073833333000000057e+00
-7.606660000000000582e+04 -5.022330000000000291e+04 -2.063833333000000270e+00
-7.606660000000000582e+04 -5.022340000000000146e+04 -2.073833333000000057e+00
-7.606680000000000291e+04 -5.022350000000000000e+04 -2.103833333000000305e+00
-7.606689999999999418e+04 -5.022350000000000000e+04 -2.033833333000000021e+00
-7.606700000000000000e+04 -5.022350000000000000e+04 -2.103833333000000305e+00
-7.606700000000000000e+04 -5.022350000000000000e+04 -2.053833333000000039e+00
-7.606710000000000582e+04 -5.022359999999999854e+04 -2.033833333000000021e+00
-7.606730000000000291e+04 -5.022359999999999854e+04 -2.103833333000000305e+00
-7.606730000000000291e+04 -5.022369999999999709e+04 -2.093833333000000074e+00
-7.606739999999999418e+04 -5.022359999999999854e+04 -1.963833333000000181e+00
-7.606750000000000000e+04 -5.022369999999999709e+04 -2.113833333000000092e+00
-7.606750000000000000e+04 -5.022359999999999854e+04 -2.003833333000000216e+00
-7.606769999999999709e+04 -5.022369999999999709e+04 -2.093833333000000074e+00
-7.606769999999999709e+04 -5.022369999999999709e+04 -2.063833333000000270e+00
-7.606780000000000291e+04 -5.022369999999999709e+04 -2.033833333000000021e+00
-7.606789999999999418e+04 -5.022380000000000291e+04 -2.033833333000000021e+00
-7.606800000000000000e+04 -5.022380000000000291e+04 -2.073833333000000057e+00
-7.606810000000000582e+04 -5.022390000000000146e+04 -2.063833333000000270e+00
-7.606819999999999709e+04 -5.022390000000000146e+04 -2.083833333000000287e+00
-7.606850000000000000e+04 -5.022390000000000146e+04 -2.093833333000000074e+00
-7.606860000000000582e+04 -5.022380000000000291e+04 -1.983833333000000199e+00
-7.606889999999999418e+04 -5.022390000000000146e+04 -2.103833333000000305e+00
-7.606900000000000000e+04 -5.022380000000000291e+04 -2.013833333000000003e+00
-7.606919999999999709e+04 -5.022380000000000291e+04 -2.053833333000000039e+00
-7.606939999999999418e+04 -5.022390000000000146e+04 -1.973833333000000190e+00
-7.606960000000000582e+04 -5.022380000000000291e+04 -1.973833333000000190e+00
-7.606980000000000291e+04 -5.022390000000000146e+04 -2.143833333000000341e+00
-7.607000000000000000e+04 -5.022380000000000291e+04 -1.983833333000000199e+00
-7.607019999999999709e+04 -5.022390000000000146e+04 -2.093833333000000074e+00
-7.607039999999999418e+04 -5.022380000000000291e+04 -2.043833333000000252e+00
-7.607060000000000582e+04 -5.022390000000000146e+04 -2.033833333000000021e+00
-7.607069999999999709e+04 -5.022390000000000146e+04 -2.043833333000000252e+00
-7.607089999999999418e+04 -5.022390000000000146e+04 -2.065999999999999837e+00
-7.607110000000000582e+04 -5.022390000000000146e+04 -2.025999999999999801e+00
-7.607119999999999709e+04 -5.022380000000000291e+04 -2.036000000000000032e+00
-7.607139999999999418e+04 -5.022390000000000146e+04 -2.096000000000000085e+00
-7.607150000000000000e+04 -5.022380000000000291e+04 -2.036000000000000032e+00
-7.607169999999999709e+04 -5.022390000000000146e+04 -2.125999999999999890e+00
-7.607189999999999418e+04 -5.022380000000000291e+04 -2.056000000000000050e+00
-7.607200000000000000e+04 -5.022390000000000146e+04 -2.085999999999999854e+00
-7.607219999999999709e+04 -5.022390000000000146e+04 -2.105999999999999872e+00
-7.607230000000000291e+04 -5.022390000000000146e+04 -2.096000000000000085e+00
-7.607250000000000000e+04 -5.022390000000000146e+04 -2.036000000000000032e+00
-7.607260000000000582e+04 -5.022390000000000146e+04 -2.076000000000000068e+00
-7.607280000000000291e+04 -5.022390000000000146e+04 -2.025999999999999801e+00
-7.607300000000000000e+04 -5.022390000000000146e+04 -2.125999999999999890e+00
-7.607310000000000582e+04 -5.022380000000000291e+04 -2.056000000000000050e+00
-7.607330000000000291e+04 -5.022380000000000291e+04 -2.145999999999999908e+00
-7.607339999999999418e+04 -5.022380000000000291e+04 -2.056000000000000050e+00
-7.607350000000000000e+04 -5.022380000000000291e+04 -2.065999999999999837e+00
-7.607369999999999709e+04 -5.022380000000000291e+04 -2.045999999999999819e+00
-7.607380000000000291e+04 -5.022390000000000146e+04 -2.105999999999999872e+00
-7.607389999999999418e+04 -5.022390000000000146e+04 -2.045999999999999819e+00
-7.607400000000000000e+04 -5.022380000000000291e+04 -2.045999999999999819e+00
-7.607419999999999709e+04 -5.022390000000000146e+04 -2.085999999999999854e+00
-7.607430000000000291e+04 -5.022380000000000291e+04 -2.005999999999999783e+00
-7.607439999999999418e+04 -5.022380000000000291e+04 -2.176000000000000156e+00
-7.607460000000000582e+04 -5.022380000000000291e+04 -2.056000000000000050e+00
-7.607469999999999709e+04 -5.022380000000000291e+04 -2.085999999999999854e+00
-7.607480000000000291e+04 -5.022380000000000291e+04 -2.065999999999999837e+00
-7.607489999999999418e+04 -5.022369999999999709e+04 -2.016000000000000014e+00
-7.607500000000000000e+04 -5.022380000000000291e+04 -2.165999999999999925e+00
-7.607510000000000582e+04 -5.022369999999999709e+04 -1.985999999999999988e+00
-7.607530000000000291e+04 -5.022390000000000146e+04 -2.136000000000000121e+00
-7.607530000000000291e+04 -5.022369999999999709e+04 -2.025999999999999801e+00
-7.607550000000000000e+04 -5.022380000000000291e+04 -2.085999999999999854e+00
-7.607580000000000291e+04 -5.022380000000000291e+04 -2.116000000000000103e+00
-7.607610000000000582e+04 -5.022359999999999854e+04 -2.056000000000000050e+00
-7.607660000000000582e+04 -5.022350000000000000e+04 -2.145999999999999908e+00
-7.607700000000000000e+04 -5.022330000000000291e+04 -2.036000000000000032e+00
-7.607760000000000582e+04 -5.022300000000000000e+04 -2.045999999999999819e+00
-7.607830000000000291e+04 -5.022280000000000291e+04 -2.125999999999999890e+00
-7.607900000000000000e+04 -5.022240000000000146e+04 -2.036000000000000032e+00
-7.607969999999999709e+04 -5.022219999999999709e+04 -2.156000000000000139e+00
-7.608050000000000000e+04 -5.022180000000000291e+04 -2.076000000000000068e+00
-7.608139999999999418e+04 -5.022140000000000146e+04 -2.096000000000000085e+00
-7.608230000000000291e+04 -5.022100000000000000e+04 -2.056000000000000050e+00
-7.608310000000000582e+04 -5.022050000000000000e+04 -2.116000000000000103e+00
-7.608410000000000582e+04 -5.022000000000000000e+04 -2.096000000000000085e+00
-7.608500000000000000e+04 -5.021950000000000000e+04 -2.056000000000000050e+00
-7.608600000000000000e+04 -5.021890000000000146e+04 -2.036000000000000032e+00
-7.608700000000000000e+04 -5.021840000000000146e+04 -2.076000000000000068e+00
-7.608800000000000000e+04 -5.021780000000000291e+04 -2.076000000000000068e+00
-7.608900000000000000e+04 -5.021719999999999709e+04 -2.136000000000000121e+00
-7.609000000000000000e+04 -5.021659999999999854e+04 -2.036000000000000032e+00
-7.609100000000000000e+04 -5.021600000000000000e+04 -2.156000000000000139e+00
-7.609200000000000000e+04 -5.021519999999999709e+04 -2.076000000000000068e+00
-7.609300000000000000e+04 -5.021450000000000000e+04 -2.065999999999999837e+00
-7.609410000000000582e+04 -5.021380000000000291e+04 -2.145999999999999908e+00
-7.609510000000000582e+04 -5.021300000000000000e+04 -2.105999999999999872e+00
-7.609610000000000582e+04 -5.021230000000000291e+04 -2.105999999999999872e+00
-7.609710000000000582e+04 -5.021169999999999709e+04 -2.165999999999999925e+00
-7.609789999999999418e+04 -5.021090000000000146e+04 -2.028166666999999812e+00
-7.609889999999999418e+04 -5.021030000000000291e+04 -2.188166666999999954e+00
-7.609960000000000582e+04 -5.020959999999999854e+04 -2.058166667000000061e+00
-7.610039999999999418e+04 -5.020900000000000000e+04 -2.068166666999999848e+00
-7.610110000000000582e+04 -5.020840000000000146e+04 -2.168166666999999936e+00
-7.610169999999999709e+04 -5.020780000000000291e+04 -2.088166666999999865e+00
-7.610250000000000000e+04 -5.020730000000000291e+04 -2.208166666999999972e+00
-7.610300000000000000e+04 -5.020669999999999709e+04 -2.138166666999999688e+00
-7.610369999999999709e+04 -5.020619999999999709e+04 -2.198166666999999741e+00
-7.610430000000000291e+04 -5.020550000000000000e+04 -2.088166666999999865e+00
-7.610530000000000291e+04 -5.020469999999999709e+04 -2.168166666999999936e+00
-7.610630000000000291e+04 -5.020369999999999709e+04 -2.118166666999999670e+00
-7.610760000000000582e+04 -5.020230000000000291e+04 -2.188166666999999954e+00
-7.610919999999999709e+04 -5.020069999999999709e+04 -2.178166666999999723e+00
-7.611080000000000291e+04 -5.019869999999999709e+04 -2.198166666999999741e+00
